female_sex_df
101911765
102083460
102083485
102083489
102083691
102083723
102083922
102084092
102084114
102084182
102084309
102084404
102084418
102084451
102084532
102084652
102085016
102085083
102085132
102085241
102085381
102085386
102085504
102085558
102085616
102085703
102085795
102085918
102086185
102086197
102086229
102086338
102086359
102086402
102086603
102086720
102086773
102086906
102086950
102086954
102087047
102087138
102087147
102087180
102087221
102087222
102087299
102087300
102087340
102087375
102087434
102087478
102087530
102087532
102087817
102087886
102088087
102088106
102088146
102088176
102088770
102088870
102088876
102088908
102089081
102089175
102089317
102089878
102090107
102090124
102090126
102090213
102090263
102090285
102090599
102090613
102090665
102090707
102090908
102090953
102091064
102091137
102091180
102091334
102091412
102091602
102091612
102091633
102091656
102091738
102091791
102092200
102092233
102092274
102092282
102092379
102092471
102092478
102092487
102092600
102093085
102093367
102093521
102093688
102093724
102093742
102093911
102094005
102094063
102094222
102094251
102094254
102094525
102094852
102094903
102094993
102095056
102095077
102095198
102095369
102095372
102095570
102095584
102095817
102096080
102096123
102096262
102096306
102096311
102096325
102096475
102096497
102096679
102096820
102096906
102096968
102097094
102097146
102097267
102097390
102097440
102097598
102097608
102097684
102097711
102097842
102097964
102098279
102098332
102098375
102098384
102098400
102098644
102098652
102098658
102098796
102098806
102098846
102098967
103622238
103758267
103895545
103897036
103897809
103903891
104037702
104037842
104075811
104460680
105400010
105400779
105404829
105409501
106045078
106145860
106145954
106146041
110358223
110360930
110363766
110365155
