gon_tissue_df
101911765
102083407
102083460
102083538
102083635
102083691
102083720
102083723
102083727
102083750
102083815
102083922
102084015
102084017
102084041
102084114
102084174
102084326
102084352
102084375
102084418
102084474
102084508
102084532
102084550
102084553
102084566
102084605
102084630
102084652
102084711
102084713
102084819
102084861
102084870
102084908
102084984
102085083
102085132
102085223
102085332
102085381
102085386
102085434
102085539
102085568
102085623
102085703
102085725
102085770
102085913
102086131
102086156
102086226
102086232
102086264
102086265
102086270
102086324
102086333
102086342
102086429
102086526
102086638
102086738
102086766
102086855
102086865
102086950
102086954
102086974
102086993
102087071
102087101
102087138
102087221
102087227
102087299
102087300
102087375
102087460
102087471
102087475
102087546
102087557
102087675
102087737
102087747
102087819
102087886
102087889
102088020
102088087
102088106
102088146
102088265
102088306
102088334
102088493
102088544
102088608
102088706
102088836
102088852
102088870
102088888
102088908
102088943
102088982
102089004
102089081
102089230
102089285
102089370
102089474
102089513
102089576
102089581
102089701
102089741
102089746
102089792
102089796
102089891
102089916
102089927
102089972
102090029
102090101
102090107
102090112
102090213
102090263
102090285
102090344
102090390
102090416
102090452
102090578
102090613
102090707
102090713
102090761
102090879
102090890
102090953
102090957
102091002
102091159
102091233
102091346
102091457
102091599
102091602
102091705
102091721
102091754
102091791
102091832
102091848
102091880
102091998
102092009
102092012
102092048
102092200
102092233
102092238
102092361
102092453
102092478
102092600
102092917
102092929
102092949
102093129
102093163
102093216
102093282
102093292
102093328
102093362
102093423
102093458
102093463
102093472
102093530
102093540
102093592
102093604
102093665
102093702
102093883
102093968
102094005
102094118
102094303
102094364
102094406
102094521
102094522
102094525
102094601
102094674
102094699
102094852
102094954
102095056
102095085
102095197
102095372
102095385
102095447
102095460
102095563
102095570
102095713
102095736
102095912
102095924
102095964
102096060
102096214
102096260
102096262
102096306
102096311
102096363
102096391
102096475
102096561
102096563
102096576
102096642
102096679
102096685
102096700
102096706
102096719
102096820
102096831
102096910
102096965
102097028
102097267
102097281
102097440
102097458
102097512
102097573
102097608
102097622
102097680
102097711
102097809
102097916
102097945
102097990
102097996
102098009
102098088
102098121
102098140
102098166
102098186
102098205
102098400
102098425
102098675
102098717
102098719
102098796
102098806
102098846
102098876
102098932
103758267
103912300
103924400
104038178
104460680
105400779
105402394
105404489
105412419
106045078
106145753
106145841
106145847
106145849
106145860
106145954
106145993
106146014
106146029
106146041
108497516
110354870
110354893
110355335
110356299
110356441
110356601
110357013
110358130
110358223
110358418
110359685
110360031
110360834
110361044
110362310
110363766
110363815
110364100
110364716
110365005
110365137
110365155
110365333
110365452
110365753
110365899
110366014
110366293
