hyp_tissue_df
102083470
102083472
102083495
102083530
102083564
102083589
102083622
102083626
102083662
102083672
102083676
102083697
102083706
102083733
102083739
102083766
102083807
102083828
102083830
102083837
102083849
102083886
102083892
102083899
102083909
102083912
102083965
102083984
102084004
102084007
102084021
102084027
102084053
102084059
102084076
102084081
102084087
102084088
102084142
102084248
102084373
102084391
102084405
102084446
102084487
102084503
102084511
102084555
102084556
102084573
102084611
102084616
102084621
102084668
102084672
102084674
102084677
102084730
102084768
102084802
102084810
102084823
102084832
102084852
102084893
102084899
102084939
102084955
102085019
102085040
102085043
102085055
102085056
102085109
102085196
102085202
102085203
102085232
102085234
102085259
102085291
102085307
102085316
102085329
102085333
102085338
102085396
102085400
102085426
102085429
102085477
102085507
102085559
102085560
102085569
102085576
102085582
102085607
102085642
102085658
102085664
102085679
102085685
102085730
102085749
102085788
102085800
102085841
102085852
102085953
102085954
102085962
102085969
102085973
102085996
102085997
102086031
102086070
102086089
102086137
102086170
102086277
102086362
102086408
102086416
102086426
102086428
102086452
102086494
102086497
102086573
102086680
102086770
102086803
102086805
102086867
102086869
102086880
102086881
102086896
102086921
102086940
102086960
102086994
102086995
102087018
102087061
102087076
102087082
102087093
102087116
102087137
102087244
102087296
102087390
102087407
102087490
102087600
102087612
102087626
102087679
102087684
102087706
102087749
102087793
102087815
102087838
102087873
102087877
102087925
102087951
102087990
102088013
102088030
102088035
102088058
102088064
102088066
102088082
102088086
102088139
102088150
102088172
102088178
102088179
102088212
102088229
102088239
102088248
102088262
102088356
102088415
102088422
102088495
102088501
102088528
102088538
102088571
102088618
102088653
102088671
102088700
102088732
102088735
102088759
102088792
102088822
102088907
102088965
102088974
102088984
102089000
102089007
102089076
102089077
102089086
102089097
102089101
102089166
102089290
102089316
102089340
102089353
102089363
102089384
102089451
102089511
102089528
102089574
102089579
102089582
102089587
102089594
102089682
102089772
102089777
102089809
102089910
102089911
102089940
102090019
102090039
102090054
102090076
102090087
102090095
102090113
102090156
102090161
102090171
102090209
102090214
102090225
102090237
102090239
102090268
102090283
102090312
102090360
102090423
102090429
102090456
102090499
102090500
102090520
102090542
102090543
102090630
102090702
102090710
102090727
102090738
102090767
102090780
102090808
102090826
102090877
102090887
102090900
102090905
102090937
102090951
102090988
102090990
102091042
102091078
102091102
102091111
102091138
102091160
102091163
102091185
102091200
102091216
102091222
102091248
102091249
102091271
102091278
102091357
102091397
102091435
102091439
102091473
102091477
102091494
102091519
102091533
102091545
102091563
102091564
102091597
102091625
102091626
102091671
102091709
102091732
102091785
102091794
102091799
102091813
102091933
102091969
102091971
102091978
102092034
102092060
102092073
102092109
102092137
102092167
102092182
102092192
102092221
102092244
102092265
102092267
102092287
102092297
102092300
102092348
102092349
102092408
102092459
102092485
102092518
102092522
102092554
102092580
102092603
102092605
102092635
102092669
102092671
102092676
102092702
102092722
102092761
102092779
102092848
102092940
102092942
102092947
102092972
102093006
102093024
102093121
102093122
102093154
102093169
102093174
102093175
102093178
102093260
102093261
102093288
102093308
102093428
102093432
102093478
102093488
102093519
102093521
102093525
102093557
102093572
102093574
102093605
102093611
102093697
102093699
102093730
102093733
102093767
102093790
102093802
102093814
102093817
102093862
102093864
102093877
102093888
102093940
102093948
102093957
102093967
102093972
102094019
102094116
102094151
102094154
102094170
102094263
102094291
102094312
102094365
102094379
102094457
102094475
102094555
102094573
102094605
102094658
102094791
102094792
102094804
102094806
102094828
102094857
102094875
102094888
102094896
102094914
102094917
102094970
102094983
102095037
102095050
102095070
102095100
102095108
102095124
102095144
102095147
102095188
102095192
102095265
102095272
102095288
102095319
102095335
102095349
102095356
102095359
102095373
102095379
102095443
102095454
102095514
102095527
102095568
102095592
102095622
102095627
102095774
102095792
102095794
102095903
102095941
102095946
102095960
102095993
102096065
102096071
102096079
102096170
102096190
102096245
102096248
102096280
102096284
102096290
102096291
102096303
102096349
102096376
102096610
102096632
102096667
102096723
102096732
102096733
102096736
102096737
102096764
102096781
102096809
102096849
102096886
102096900
102096922
102096932
102096942
102096995
102096999
102097005
102097019
102097026
102097030
102097071
102097092
102097096
102097098
102097108
102097143
102097151
102097183
102097208
102097247
102097262
102097325
102097326
102097386
102097388
102097432
102097454
102097457
102097478
102097480
102097481
102097492
102097509
102097524
102097532
102097575
102097638
102097648
102097660
102097678
102097721
102097734
102097777
102097823
102097867
102097913
102097934
102097944
102097962
102098035
102098036
102098052
102098087
102098110
102098128
102098150
102098174
102098188
102098214
102098231
102098284
102098285
102098304
102098376
102098485
102098489
102098513
102098592
102098599
102098626
102098640
102098682
102098693
102098698
102098703
102098759
102098773
102098785
102098794
102098812
102098825
102098827
102098833
102098933
102098960
102098968
102099009
102099035
103624156
103756309
103894598
103896034
103897303
103898716
103899833
103900915
103900996
103901019
103901448
103912664
103916520
103919613
104019406
104020946
104021666
104022714
104123900
104828202
104829460
104830094
105399069
105399101
105399136
105399224
105399317
105399676
105400017
105401876
105402620
105402761
105403678
105404205
105404296
105404927
105405418
105405835
105406549
105407205
105407467
105408273
105409483
105409501
105411248
105411720
105413431
105415935
105415938
105416035
106145825
106145881
106145981
106895486
106896452
110355591
110355616
110355808
110355830
110356341
110356502
110357987
110358544
110358848
110359908
110360930
110361235
110361671
110362363
110365053
