lay_time_df
102083681
102083713
102083743
102083963
102084294
102084336
102084343
102084459
102084884
102084940
102084949
102085047
102085077
102085861
102086145
102086336
102086548
102086596
102086659
102086820
102086863
102086898
102087208
102087320
102087730
102087828
102088360
102088543
102088591
102088789
102089043
102089234
102089287
102089329
102089790
102090118
102090470
102090527
102090869
102090916
102090934
102091080
102091118
102091241
102091532
102091818
102092011
102092333
102092380
102092575
102092723
102093441
102093600
102093975
102094337
102094423
102094576
102094602
102094689
102094745
102095071
102096113
102096118
102096336
102096452
102096482
102096568
102097065
102097109
102097392
102097471
102097605
102097607
102097815
102097838
102098044
102098551
102098890
105405030
105408357
105410356
106146005
110355908
