male_sex_df
102083407
102083471
102083605
102083750
102084168
102084174
102084268
102084277
102084300
102084352
102084474
102084713
102084819
102084870
102084967
102085148
102085307
102085332
102085373
102085538
102085568
102085587
102085623
102085768
102085805
102085945
102086050
102086220
102086333
102086347
102086389
102086390
102086408
102086429
102086638
102086858
102086993
102087071
102087101
102087227
102087285
102087675
102088132
102088140
102088363
102088836
102088852
102088873
102088888
102088892
102088929
102088982
102089004
102089060
102089230
102089383
102089509
102089696
102089741
102089756
102089927
102089972
102090029
102090052
102090077
102090101
102090299
102090344
102090390
102090452
102090557
102090715
102090746
102090959
102091002
102091397
102091441
102091585
102091670
102091813
102091832
102092137
102092238
102092375
102092377
102092426
102092554
102092593
102092644
102092829
102092929
102092947
102092949
102093163
102093178
102093216
102093463
102093604
102093665
102093668
102093686
102093810
102094035
102094096
102094224
102094243
102094466
102094585
102094601
102094928
102095179
102095385
102095447
102095593
102095742
102095931
102095964
102096049
102096351
102096391
102096642
102096700
102096718
102096779
102097042
102097097
102097286
102097319
102097450
102097945
102098017
102098351
102098425
102098457
102098717
102098755
103896152
105402394
105411720
106145753
106145847
106145849
106146029
108497516
110354870
110355335
110356441
110357013
110358130
110358418
110360834
110362310
110363633
110363815
110365137
110365333
110365899
110366014
110366293
