pit_tissue_df
102083406
102083481
102083817
102083873
102083923
102083960
102084056
102084105
102084157
102084175
102084450
102084494
102084669
102084706
102084815
102084827
102084887
102084912
102085021
102085052
102085145
102085166
102085188
102085191
102085247
102085366
102085397
102085501
102085587
102085628
102085975
102086078
102086082
102086174
102086287
102086305
102086319
102086358
102086464
102086574
102086615
102086823
102086845
102086847
102086963
102087005
102087006
102087080
102087111
102087183
102087201
102087335
102087351
102087417
102087588
102087621
102087677
102087762
102087764
102087805
102087846
102087966
102087995
102088088
102088128
102088138
102088193
102088288
102088361
102088737
102088830
102089109
102089259
102089422
102089423
102089522
102089544
102089585
102089600
102089798
102089807
102089813
102089855
102089915
102089918
102089949
102090094
102090164
102090223
102090354
102090393
102090641
102090650
102090667
102090673
102090703
102090724
102090856
102090903
102090904
102090946
102090982
102091063
102091135
102091158
102091377
102091441
102091474
102091498
102091570
102091647
102091675
102091715
102091757
102091826
102091849
102091919
102091951
102092020
102092149
102092151
102092190
102092225
102092516
102092627
102092630
102092661
102092675
102092749
102092758
102092769
102092841
102092881
102093049
102093151
102093333
102093360
102093364
102093652
102093758
102093856
102093872
102093951
102093964
102094177
102094196
102094225
102094231
102094488
102094607
102094668
102094854
102094878
102094902
102095053
102095073
102095098
102095221
102095224
102095314
102095367
102095388
102095512
102095564
102095717
102095790
102095808
102095818
102095857
102096050
102096087
102096219
102096227
102096289
102096293
102096435
102096500
102096550
102096692
102096788
102096933
102096957
102096988
102097207
102097233
102097269
102097327
102097365
102097408
102097499
102097615
102097683
102097709
102097778
102097780
102097833
102097852
102097958
102097997
102098089
102098160
102098215
102098243
102098247
102098287
102098310
102098364
102098378
102098645
102098700
102098781
102098819
102099014
102099021
103620141
103895691
103902009
104077518
104295350
104840137
105401351
105408443
105409193
105412779
106886033
106891296
106891544
108505458
110355073
110355826
110357056
110362376
